-1 7
-3 -2
2 4
2 5
-3 4
-1 -3
3 -4
3 2
9 6
-99 73
-95 -70
-3 -5
-94 -48
-93 -87
-93 11
-87 -90
-84 -26
-79 13
-70 35
-67 41
-63 -57
-63 -5
-32 -7
-27 37
-26 58
-24 51
-14 -47
-14 92
-13 -39
30 50
-9 19
-9 61
-6 57
-30 -50
-5 -47
-4 -1
-4 7
-3 -42
-3 -5
-2 -96
-2 3
-2 26
-2 96
-1 -33
-1 -24
1 -67
2 -54
3 38
1 2
2 -3
2 6
3 5
6 -31
8 -1
9 9
13 14
15 -52
15 51
16 -60
17 58
20 33
23 2
26 -21
27 33
29 23
31 32
38 3
42 1
43 27
44 -92
44 -7
45 62
47 90
48 -94
48 -28
49 -47
51 70
52 28
54 67
57 -16
60 46
62 -89
62 -7
63 58
65 63
69 -62
73 -87
87 93
73 -67
73 -63
74 -89
74 79
75 44
82 -25
87 17
15 10
90 -30
92 -76
93 -46
96 -15