3067
111
168
532
340
191
932
688
294
568
188
592
243
367
861
180
725
752
840
400
959
925
238
146
634
360
258
820
709
725
646
680
635
790
179
821
182
311
777
489
815
808
406
742
578
83
777
47
71
984
96
896
972
30
646
35
104
367
718
287
212
320
102
147
638
76
917
414
450
559
532
643
43
6
8
833
355
937
766
130
553
443
826
740
139
674
899
724
205
395
658
543
935
429
651
809
212
906
261
943
603
394
352
736
998
745
170
364
374
500
694
137
731
670
883
40
998
688
197
326
648
314
447
956
10
90
100
3193
5927
8846
723
556
9509
9672
544
360
9917
871
429
9335
638
395
9715
295
1493
31
194
628
508
758
42
2898
636
338
3501
848
129
64
411
55
124
505
485
577
165
381
719
586
1392
8122
8198
250
29
9671
656
559
407
281
199
489
586
275
236
75
935
1010
1777
1470
59
782
824
692
304
12
578
759
146
431
294
501
560
902
158
282
1505
4882
635
56
21
347
117
938
435
397
374
113
955
12
617
106
515
638
1724
4654
5707
721
74
240
427
310
45
359
576
298
509
484
90
586
674
951
349
1702
609
251
500
882
972
623
810
173
682
45
484
756
476
827
10
103
639
2389
3378
4141
5624
867
372
221
1000
451
187
211
378
812
346
787
62
614
892
422
229
1798
2277
3140
28
94
649
795
151
136
955
548
722
75
635
727
977
633
967
800
715
2808
3262
3601
2
603
195
795
255
773
197
361
117
990
684
817
40
12
214
612
750
279
557
603
251
268
717
260
722
511
828
501
129
930
608
27
197
149
511
441
447
434
92
512
397
371
503
117
959
180
363
964
753
2
39
369
4889
5309
270
6695
921
562
564
353
329
907
991
860
548
112
36
56
80
271
922
393
235
466
879
111
886
245
430
778
93
62
493
596
791
104
662
65
161
253
1244
1796
1386
249
726
263
505
360
519
75
83
991
743
806
454
89
2
652
17
17
134
672
435
763
375
16
912
610
669
840
467
55
354
722
207
457
811
80
1880
1353
2864
3254
18
729
121
560
948
745
72
245
459
323
235
794
288
239
454
753
726
550
8
115
457
873
593
127
502
913
401
979
118
70
964
583
431
534
419
484
684
94
764
264
212
329
450
85
369
241
379
702
8
556
207
443
674
773
665
514
567
864
182
983
757
703
454
614
495
514
626
644
1656
2213
3969
863
357
24
264
453
28
717
383
763
130
83
503
742
420
661
108
988
249
5412
5321
5157
939
133
470
349
965
331
502
919
478
516
429
788
134
340
678
382
596
141
205
649
358
429
368
60
346
818
648
814
457
416
824
663
625
642
261
571
199
264
285
13
500
635
582
978
155
66
133
581
113
761
473
212
542
34
421
81
578
180
996
517
532
628
978
232
265
779
846
81
189
342
682
223
120
568
6
410
258
547
905
737
270
580
295
787
888
580
715
82
999
263
452
819
585
400
830
192
832
611
191
277
948
25
9
374
477
353
524
528
425
810
651
302
464
166
611
311
860
423
133
641
173
133
729
732
553
888
626
425
430
410
981
834
542
670
58
326
511
800
745
953
665
113
271
482
507
115
538
554
906
895
988
420
624
386
464
92
419
887
206
511
995
677
776
715
59
310
107
756
196
855
561
605
245
167
775
411
907
687
493
920
23
352
795
796
918
43
145
564
27
55
395
190
932
163
250
395
381
533
443
80
4
964
933
759
953
288
779
306
866
966
976
582
604
583
68
641
440
420
264
794
293
984
395
888
148
833
690
914
33
810
283
560
588
258
815
424
478
741
719
282
749
502
565
708
98
625
973
470
978
742
122
287
476
636
891
181
453
853
175
245
993
828
619
565
186
217
463
465
955
133
321
119
522
634
721
57
973
812
92
143
558
406
12
479
662
326
378
900
928
362
416
509
688
702
435
885
73
325
26
457
457
770
664
434
497
341
748
166
907
660
695
128
418
576
228
67
822
732
753
319
58
902
571
699
200
725
272
389
751
678
338
625
741
81
401
621
857
819
133
254
175
803
578
751
677
191
49
335
655
457
386
570
862
252
860
510
737
979
1
980
163
145
422
226
874
243
722
416
824
893
689
22
698
527
132
244
135
382
370
743
620
894
428
24
280
527
943
765
323
15
19
1871
2713
3257
4721
8821
9601
445
468
97
205
91
20
924
860
17
250
364
197
556
630
23
638
34
758
364
879
786
406
849
532
563
37
853
973
925
855
915
166
7
613
40
759
97
976
1073
313
347
857
190
280
561
152
972
23
281
269
549
977
524
956
44
872
240
828
144
157
72
4
299
242
195
745
519
556
267
900
955
58
725
869
371
765
981