1507558
2570941
1859253
2052642
2625971
447050
2492552
1719562
1355215
3289472
282825
1147030
454344
1767417
2551476
1864844
2161410
880716
347037
2874428
2483398
2694349
786131
534194
2130661
325931
1588568
1971725
912896
2938934
1859934
3494234
3096920
115345
3062836
3306479
2452855
607086
2675724
2661592
1902793
3133274
2083807
2252395
2601319
1104749
2600424
2579241
2079038
3417257
2676866
2476046
754738
3381124
2451620
3141176
2366769
2161192
2523093
928082
3056862
2037646
1415180
2659612
1111390
1429288
1008230
2824979
1769976
3395998
551654
3306818
2518930
3469737
1360251
3010597
2467342
2629412
2138089
1805984
2488652
3061938
2831913
2657152
457255
3454001
1367397
3356286
70421
535948
1551030
1045159
1919536
1419574
2127532
2551934
2497715
3319701
507200
689800
1272358
1991041
55768
2302876
1788512
1413271
3117241
1199888
3098559
389934
1403341
1591889
2835658
273059
929095
3266311
137724
2885014
2018899
1992488
1660722
3308197
2454783
1273935
2892111
297292
3005847
111348
3283378
309322
2918343
3435831
263429
2932554
2340246
3035628
1971090
490029
444010
1006162
2810231
3089880
1910026
396552
1836288
1537336
840741
2148139
1600083
217032
2545161
2618144
3489578
1095275
1928808
772422
352438
2325947
3086648
961553
232176
1066138
2256516
3056701
1970288
1027702
282741
1378775
2885395
1861494
1562800
2033338
3404410
1156818
2770513
2137627
2795253
3181718
2761413
338388
2648989
554731
1569060
3021808
2365383
469964
1508716
789449
2041784
2252750
1558493
3458929
1129877
608467
2421436
2491586
306339
316495
1386953
1271742
1689865
3351366
2073402
2160938
897660
513232
2251500
645418
2500457
3036811
185060
3462960
285854
3099567
347082
591797
80435
634139
1805141
1442449
743082
3117595
812653
261264
203552
1707930
3200917
1901725
1739471
1851534
2705784
85821
3005639
2701679
2633518
1577274
2171931
1380318
1167559
2373158
2460488
1079917
2068819
2464296
679279
518914
883321
2451904
478843
198292
735929
3105042
2763702
2905101
1401399
370454
2257178
1140432
2103738
773841
471050
2320832
1874439
558110
3033844
988054
120225
2091818
1528588
3327430
3005136
723995
366616
2624531
2865551
178497
1885135
1630205
3468571
719702
1967716
1136646
790767
841574
158839
899575
1137077
3064943
3334049
2522537
1019687
2133400
205065
1646568
1650751
2810734
1351150
2361260
2346498
645889
1420033
2176116
2116143
2160202
2353660
1902358
607271
3235365
2649422
581807
406870
2071171
2764431
1982724
2816870
1821269
3146471
2525445
975169
886756
2818758
494325
2412558
176201
677467
3231609
1246377
1362849
2480990
2004458
3176066
3429176
3456082
962700
2841649
1855970
1843987
2939762
2708473
2442233
1253610
1319465
3247466
1964039
1099687
792007
596404
516628
3471547
301415
1622882
2083919
772934
777958
553692
1578200
2630636
188406
902573
443007
3002737
3065691
1668327
1846090
2472175
860533
794814
3179324
1703586
70333
2315353
194057
554756
2240413
1031269
1277729
2359111
286533
2118276
2879047
417197
1542955
660789
2840419
233503
3445849
3489887
2525243
1195966
978229
2815591
204331
2853173
159869
1303170
2403320
1399965
3267532
2413230
625781
200298
739369
427991
3205831
732377
124186
532437
1375419
3377963
138189
3266688
1351547
1818713
2597678
2124039
981643
1391414
3356032
2698014
2267631
709291
2760088
188981
2471346
484427
879748
210299
3392877
960386
2045555
1918313
3284771
488386
2613718
1951735
3177202
2720847
2087005
3338225
468142
1662135
550682
2739353
76010
1022634
713070
3189169
3370334
3016283
2522640
52860
1885224
2142627
3228343
1469292
2223465
1126413
1771786
1226303
1697439
2722328
1197778
2067427
1068059
1370603
2307720
3345315
168431
1804059
1938188
2065855
2465989
402554
3283402
1949788
1868325
3432802
881509
2912899
3062126
1435850
3388050
1748212
1058808
1904779
2641994
1713301
3219866
183531
751354
2937549
1152746
2246041
1949992
1301259
3142337
2159953
675668
687865
2891835
1610298
1564956
1717471
848131
2184238
3137451
2523628
2880281
2477716
2928754
3133613
1528524
2306273
3246019
3109735
811647
1521648
936163
3430920
861767
3033762
1411224
2766867
483674
1559324
60302
1281966
792792
3283380
1977611
3444494
2798752
180039
265060
1904654
494717
942459
263967
2683075
1045774
3430201
2459855
1457819
2305472
3487515
1730693
2165033
2313161
1062068
2349206
809810
1030765
1727984
1575572
2261960
1286468
2067035
946628
2133806
1175911
2295233
2350136
1066127
1061959
893578
701262
289065
1340575
3172249
2844561
1471861
583367
1888512
380630
967277
969831
2626884
670505
2009928
2088846
386815
811999
1406421
117565
1525685
270729
1324312
632939
567556
516856
2164810
1699739
3130429
2036749
3005719
3487382
1698507
1437191
328603
1707212
1270968
1285974
179084
3286035
555917
3467111
2668307
1997909
3142926
2962582
383614
1847893
1538822
67565
3026141
1721230
2580719
3498034
2889827
630470
570783
524803
3165404
1519094
478756
2367212
3298738
1980139
1370008
336287
3275674
76747
2226599
1653111
284209
2059142
787650
1008416
3409477
1891716
2306061
836181
659305
126110
2083985
3139507
2041525
3325624
798996
3233873
1515577
2863473
1276079
1613748
2757895
3377418
2869385
834112
702396
670999
2382670
1769778
154896
2615569
64370
998213
2027285
1097968
2120862
1602293
1064846
1602360
263924
516696
2535661
1229266
122178
1526084
254949
1166317
1523782
3451818
3195993
2134764
3137881
2299959
2518547
2957993
555384
337222
2151309
917576
110606
2736606
2466339
352090
1499646
1719209
1350726
2704451
3158429
2442143
1672130
1500956
1737914
1710391
495755
3169016
765265
590512
583981
2412771
1773369
516452
2122335
1158964
2237809
1922074
2446741
678431
2509459
1687139
2869087
239036
1736845
438147
3262306
3357559
2163059
194884
3372684
1147772
336370
2297855
2360699
398052
879518
822455
2932902
1249699
2772695
2703452
2273108
883722
412429
1197078
1742454
851179
132971
1187486
851155
463777
645972
2366371
2540805
1327916
1445919
2031753
3270892
3025831
1760831
3085138
3199141
2400953
1160185
1246764
3025959
3160381
635906
2485987
2340857
2009806
1190088
609717
462945
588078
884355
622552
1409033
1748301
1073664
638764
673455
3473823
2269501
720661
1081936
82494
776344
3461816
2418553
1579447
813744
249982
400769
2006401
2658664
2756272
922994
1240181
3277035
1108957
3031780
3233951
2066793
1093554
657067
80488
3387421
2325290
1772894
1156650
2534156
370950
1988321
368286
543555
1377665
1171227
675667
2700553
2693427
3241075
1633392
1474760
3489747
973777
1274334
2420775
1027196
2945793
2306154
2002637
2693552
1954489
1739156
3157660
984549
880728
253927
3253615
1813948
1360599
2015873
601731
485139
3412299
544790
2237841
2259447
737680
1706428
3269272
927383
272363
2927409
3143651
2717176
55783
3364777
827373
1525673
2741985
1791331
1705188
1025909
1541869
3039117
2863557
1358732
1197582
912131
1256903
2166225
2716390
462117
3400878
3015285
3283452
3131923
676466
2771884
3482172
1630494
1615261
3135930
2966432
2998527
2718797
2423135
1799497
1557897
2779002
593485
3473012
595139
2885799
1870303
834089
247993
1940396
1725864
1049551
248105
2549719
3328778
1941266
3229728
2316175
3499283
1300710
1365269
1941957
1857066
1882672
2074321
1700713
3284057
926655
2195287
385809
2929070
1724992
1927286
3068638
3059162
967355
3355437
2513278
540879
1448510
2764600
3175343
858138
182013
1271870
887670
975102
51335
230966
3296962
2013629
176084
3361718
1544861
1366783
1495852
737645
1337449
2678978
3283475
1020629
3476471
925722
2918538
922221
995008
171803
3402649
2173705
2589317
650011
811050
236537
1242421
2209841
536742
2645262
1620861
2091218
1332399
1868078
2637851
738096
2261904
394108
1841269
3190730
135949
1151299
3087723
1833751
329494
3356508
1289725
1831912
861254
2074721
50643
322084
324817
3437465
853053
3387083
2725705
1623000
2487899
3323316
1359894
2505125