15302173
6273751
2173625
6606337
20026257
3236363
17177503
20357603
16322533
24634055
3331445
15470257
17172077
15357215
23757053
1213045
14711571
20034463
3173023
20172043
16050653
6256665
14622203
3165145
17663103
17045305
712721
2732277
14233617
6722151
4036265
24453601
21112277
1660257
17320223
23023327
22220103
17001575
11626035
24401475
23253725
24364251
3275763
13373505
3366305
24602361
24545427
4100251
12144235
21116453
14436131
5770233
351447
4011433
11461623
4450737
372325
4332127
4062325
13231511
4111621
14571223
10335415
17110365
20065731
13716473
5717551
17652117
24342713
12400271
10303525
4313175
6214077
20344661
13714505
21267065
10202551
773123
78