4561 2
5452 2
149121 5
425 2
2322 2
223123 3
23412 4
1442 2
9833 2
231 2
881447 3
562527 3
2977 2
456241 2
5962 3
4279 3
189778 2
4985 2
231 2
12215 4
9128 2
962574 5
93272 2
412544 4
135549 2
41142 2
6843 3
1432 3
1195 2
8425 3
425299 4
446522 3
491 2
362 2
593 2
678728 5
678712 2
542122 5
39453 4
22967 3
242618 5
8232 2
813438 2
682123 3
6498 2
1639 3
599832 5
4965 2
124595 3
312 2
19752 2
215 2
397 2
6639 2
9793 3
442 2
651 2
2992 2
96876 2
27244 2
78261 2
7262 3
9521 3
393624 3
6264 2
424 2
8357 3
623 2
65715 2
192421 2
123 2
123 2
759 2
195278 3
47122 3
421124 3
54132 4
82516 3
912 2
73942 4
818532 3
6937 3
299 2
588118 3
58525 2
771855 4
77261 2
9128 2
472 2
678 2
8532 2
86919 2
4948 2
4792 2
5495 2
893 2
96526 2
5357 3
298131 3
772 2
9291 2
79644 3
25954 3
456859 2
75718 2
472871 5
36429 2
137 2
48476 4
31521 3
367141 4
861 2
52828 2
652567 3
5522 2
5536 2
7518 3
8752 2
6741 2
93922 4
7877 3
182 2
487 2
363253 3
912414 3
937281 4
923922 2
582838 3
52422 4
7589 2
955 2
14725 2
57824 4
273 2
777 2
711 2
368126 4
27829 2
59785 2
87532 4
6255 3
245255 2
8846 3
129774 2
577 2
98363 4
56233 3
477 2
1869 3
181722 4
18519 2
225774 5
21722 4
244 2
39558 3
12472 2
378357 2
124 2
242 2
83224 3
5322 3
88129 3
131 2
356277 2
921423 4
429221 5
276 2
25347 4
232122 2
659492 5
79736 4
84224 2
461 2
391 2
24234 2
363 2
953 2
736692 5
32629 2
992 2
447273 4
135 2
878 2
88686 3
522 2
622612 4
923 2
158 2
4935 2
285 2
165922 3
79148 3
833 2
775 2
862991 5
983625 2
6275 2
22477 3
764 2
922 2
154581 3
48929 3
5528 2
7912 3
1628 2
1222 2
79821 2
192 2
5824 3
1739 2
92482 3
53582 3
315 2
188 2
15688 3
286322 4
7319 3
3353 3
669 2
1931 3
25745 2
1291 2
222214 5
5775 2
9866 3
71161 2
769 2
38215 4
278 2
1198 2
323624 5
339 2
91973 3
737 2
2383 3
36295 3
291 2
174223 5
12646 3
31792 2
1365 3
47332 3
148 2
111888 4
868762 4
5786 3
85134 3
122 2
2174 3
81427 3
9723 3
61924 3
984459 2
6262 3
88277 3
14227 4
127 2
49895 3
5839 3
187 2
927 2
9969 2
424517 4
565622 5
979953 5
3652 2
967 2
669 2
887848 2
32547 2
184774 3
62258 4
46261 4
16429 3
87732 4
726 2
2856 2
4363 2
2432 2
132778 5
422227 2
38543 2
62649 4
85649 2
3952 3
227 2
814919 4
8761 2
8334 2
8853 3
668266 4
311621 5
311562 5
1616 3
1189 3
131 2
621 2
197 2
6639 2
682 2
344 2
369726 3
415 2
572 2
229113 4
158784 4
89521 3
764773 3
7494 2
259474 2
632185 4
63616 4
35248 4
637 2
1382 3
127923 4
3132 3
548 2
428 2
528 2
925 2
686642 5
523 2
499264 4
2958 3
647 2
1385 2
536 2
928 2
62956 4
114 2
358462 2
8134 3
72643 3
486 2
2873 3
972 2
31412 3
68443 4
99455 3
3362 2
18646 4
4565 3
75646 4
6192 3
494 2
8279 2
97348 2
81627 4
562 2
429 2
658 2
952824 5
563 2
195 2
492614 5
862628 2
96196 4
524729 4
5968 2
87238 3
73421 3
86217 3
417735 2
7742 3
249386 2
6472 3
5812 3
848296 5
176 2
552591 2
59954 2
2384 3
964 2
2989 2
87524 2
8647 2
213 2
698 2
436 2
4564 2
843 2
9468 3
376 2
5835 3
124372 2
3371 2
927 2
5983 3
3471 3
824578 4
7176 2
2989 2
83264 2
272523 4
97973 4
63566 4
95332 2
2263 3
493792 5
3229 2
96612 3
354223 3
911755 2
6985 2
22177 4
9889 3
914 2
32417 2
81882 2
37316 2
422 2
59221 2
4234 2
62521 2
83122 4
133 2
474171 5
1829 3
5236 2
5126 3
599 2
42761 3
1239 2
322952 5
939927 3
153 2
631625 4
379214 2
328 2
387 2
785 2
8559 3
1769 3
8936 3
3725 3
339 2
749 2
255 2
5413 3
893488 5
97648 3
822347 5
48252 3
88279 2
274 2
232264 2
55456 4
18421 4
7255 2
61524 2
465887 4
272257 5
757586 3
787 2
6748 2
192 2
532783 3
43942 4
886822 4
8871 3
388 2
5451 3
592724 2
5267 2
912 2
333816 2
54242 4
2812 2
6832 2
72563 2
2411 2
27544 4
3365 2
236 2
431346 3
82774 4
574 2
266598 2
224 2
182 2
73511 4
172212 4
6774 2
558 2
521 2
832373 5
682 2
512 2
87459 4
37182 2
74829 2
92233 3
777 2
7152 2
58523 4
1881 2
455 2
619 2
173 2
6391 3
574748 4
318 2
27222 3
24184 4
217 2
7936 2
5784 3
323273 2
592413 5
382 2
426 2
65622 2
77721 4
74412 3
746146 4
872 2
442624 2
46172 2
292822 3
32393 3
54864 4
541 2
191 2
581 2
96154 4
7565 3
729 2
161 2
442932 3
692866 4
82725 3
861 2
95892 3
7458 3
135 2
792 2
12267 2
78156 2
49582 3
826278 4
17996 4
158 2
9163 2
274 2
7926 3
5926 2
231 2
545 2
33178 2
32878 4
537755 2
22658 3
636145 5
2581 2
465 2
188475 5
42822 2
152 2
28628 3
28688 2
523665 2
8747 3
6612 2
831 2
787374 4
472112 5
27589 4
382 2
241319 5
919423 4
613 2
971 2
592 2
384 2
37248 2
553315 4
715 2
122 2
485 2
531247 3
82365 2
78627 2
86467 3
829 2
1991 3
322 2
4225 2
2357 3
192872 3
9324 2
5621 2
85853 4
112 2
232 2
22288 2
49994 2
637712 2
1219 2
868 2
823 2
543239 3
3679 3
9559 2
172782 4
4343 3
866287 4
457 2
222831 3
8447 3
5754 3
32745 2
782 2
8271 3
257 2
6444 2
561577 3
799762 3
83122 4
79262 2
516 2
224647 2
727591 4
41847 3
32132 2
3424 2
5291 2
34855 3
24818 3
972974 3
2286 2
22362 2
619112 4
373 2
16997 4
252186 5
132 2
16387 3
9141 2
79212 4
727 2
34156 3
95229 2
16612 4
4623 3
848 2
4314 3
3628 2
644495 4
123 2
247 2
496632 2
839148 4
563 2
382 2
762259 5
9718 2
23472 3
867739 4
77289 4
465527 5
952533 4
261231 3
37493 2
992145 5
37424 3
46624 4
2434 2
5633 2
219 2
623 2
218 2
7519 2
588251 5
469 2
55621 2
121 2
722 2
998 2
861 2
642615 4
875229 3
1173 3
8219 2
497316 5
61779 3
58924 4
559832 3
4131 3
395344 3
9551 3
7474 2
539 2
9684 2
514776 5
389885 4
57412 3
983432 4
612686 5
1976 3
929522 2
52771 2
32687 4
4515 2
11633 4
24296 3
117 2
214551 2
73316 2
33222 2
2933 3
1751 3
1882 2
33161 2
1872 2
575 2
16773 3
793575 5
319 2
952 2
5136 2
223247 2
384 2
162 2
53218 3
2882 2
9738 3
37792 3
962 2
846472 5
152245 3
224328 4
853 2
546 2
243 2
942 2
7989 2
87731 3
7282 3
667 2
22136 2
7775 2
956 2
38352 3
427882 2
932681 2
822 2
2223 2
617 2
122 2
598 2
487898 5
747 2
623 2
66785 4
928 2
742 2
1116 3
4922 2
31749 2
78195 3
418282 3
478 2
724 2
338872 2
7215 3
852521 2
172 2
732 2
5274 2
523254 4
3333 3
2812 2
751 2
48193 4
8823 2
2939 2
4936 2
463 2
1664 2
216 2
127496 2
34626 2
953 2
41688 3
5914 2
372 2
939 2
334 2
6226 2
3198 3
712 2
227 2
8584 2
5622 3
888 2
4322 2
229 2
1689 3
757832 2
39532 4
4442 3
149282 5
1825 2
65225 2
9731 2
195226 2
48898 3
688232 2
322128 4
128 2
767375 3
99515 4
629 2
628427 3
9222 2
36148 3
63759 3
5326 3
312 2
878 2
35553 4
196299 5
527497 3
17582 4
842 2
9164 2
6158 2
9833 3
843 2
269 2
43542 4
499978 5
229 2
1545 3
32527 3
269188 4
7173 3
538 2
495 2
511 2
7783 2
4942 2
682543 2
48226 3
35786 4
286 2
999 2
2218 2
715 2
156 2
372 2
141 2
386 2
84523 4
448442 2
124281 5
19272 3
274 2
1371 3
942 2
611 2
7626 3
485 2
63221 2
4735 3
361 2
4317 3
929322 5
53874 4
337371 3
353 2
944 2
236796 4
425 2
23922 4
522 2
514 2
94488 3
524 2
352196 2
4224 3
222 2
65773 3
1237 3
295335 5
833 2
7541 2
41882 2
158 2
285646 4
7818 3
388 2
496427 3
63223 3
8894 3
64942 2
617 2
1229 3
493525 2
398173 5
225445 4
6651 2
483 2
594 2
327282 3
15677 3
9852 2
814 2
79661 4
352 2
372 2
65963 4
372 2
5652 2
39735 4
148982 2
6454 3
568845 2
63924 2
128414 4
73546 3
7375 3
6352 3
181 2
5531 3
3495 3
43388 3
265 2
842252 3
152142 4
75283 2
153252 4
799259 2
8555 2
75132 2
6925 3
429366 3
6574 2
248357 2
739269 4
31422 3
924 2
783981 3
17243 3
8837 2
8226 2
413764 5
122 2
618 2
67567 2
839693 4
26642 2
28342 2
236 2
521315 3
4782 3
8395 2
848261 3
923 2
47221 2
92262 2
769138 5
38423 3
86332 3
129734 5
522 2
86455 4
325642 3
767199 5
236 2
17117 2
12522 4
445 2
31421 4
387692 3
116 2
332 2
936615 2
896 2
8824 2
5471 3
9542 2
165123 2
67922 3
52442 3
8242 3
271 2
8682 2
88551 3
8847 3
1225 3
742 2
432622 3
729 2
1225 2
432 2
312412 5
4271 2
272 2